0.31318,0.29642,0.25371,0.27845,0.20686,0.10872,0.17661,0.030685,0.021356,0.1443,0.17935,0.13914,-0.036029,0.044894,0.061178,0.05804,0,0,0,0,0,0,0,0,0,0,0,0,0,0,0,0,0,0,0,0,0,0,0,0,0,0,0,0,0,0,0,0,0,0,0,0,0,0,0,0,0,0,0,0,0,0,0,0,0,0,0,0,0,0,0,0,0,0,0,0,0,0,0,0
0.29642,0.38797,0.25898,0.3078,0.25105,0.1041,0.20514,0.036077,-0.019515,0.1397,0.228,0.14457,-0.10742,0.0088804,0.043473,0.059895,0,0,0,0,0,0,0,0,0,0,0,0,0,0,0,0,0,0,0,0,0,0,0,0,0,0,0,0,0,0,0,0,0,0,0,0,0,0,0,0,0,0,0,0,0,0,0,0,0,0,0,0,0,0,0,0,0,0,0,0,0,0,0,0
0.25371,0.25898,0.36724,0.28949,0.22839,0.1704,0.25874,0.063623,0.096792,0.29666,0.33396,0.29739,0.069657,0.12262,0.17345,0.14615,0,0,0,0,0,0,0,0,0,0,0,0,0,0,0,0,0,0,0,0,0,0,0,0,0,0,0,0,0,0,0,0,0,0,0,0,0,0,0,0,0,0,0,0,0,0,0,0,0,0,0,0,0,0,0,0,0,0,0,0,0,0,0,0
0.27845,0.3078,0.28949,0.35005,0.28124,0.12261,0.28803,0.059881,0.01042,0.22724,0.34624,0.24011,-0.05365,0.070771,0.16274,0.16054,0,0,0,0,0,0,0,0,0,0,0,0,0,0,0,0,0,0,0,0,0,0,0,0,0,0,0,0,0,0,0,0,0,0,0,0,0,0,0,0,0,0,0,0,0,0,0,0,0,0,0,0,0,0,0,0,0,0,0,0,0,0,0,0
0.20686,0.25105,0.22839,0.28124,0.30854,0.10387,0.262,0.081119,-0.028869,0.21751,0.34701,0.26275,-0.010644,0.029978,0.10403,0.099354,0,0,0,0,0,0,0,0,0,0,0,0,0,0,0,0,0,0,0,0,0,0,0,0,0,0,0,0,0,0,0,0,0,0,0,0,0,0,0,0,0,0,0,0,0,0,0,0,0,0,0,0,0,0,0,0,0,0,0,0,0,0,0,0
0.10872,0.1041,0.1704,0.12261,0.10387,0.20222,0.16842,0.059007,0.18147,0.27308,0.20244,0.22444,0.1938,0.2186,0.23177,0.17263,0,0,0,0,0,0,0,0,0,0,0,0,0,0,0,0,0,0,0,0,0,0,0,0,0,0,0,0,0,0,0,0,0,0,0,0,0,0,0,0,0,0,0,0,0,0,0,0,0,0,0,0,0,0,0,0,0,0,0,0,0,0,0,0
0.17661,0.20514,0.25874,0.28803,0.262,0.16842,0.72702,0.098483,0.08724,0.51859,0.88657,0.57425,-0.038226,0.34465,0.69227,0.59327,0,0,0,0,0,0,0,0,0,0,0,0,0,0,0,0,0,0,0,0,0,0,0,0,0,0,0,0,0,0,0,0,0,0,0,0,0,0,0,0,0,0,0,0,0,0,0,0,0,0,0,0,0,0,0,0,0,0,0,0,0,0,0,0
0.030685,0.036077,0.063623,0.059881,0.081119,0.059007,0.098483,0.11923,0.051114,0.13854,0.14728,0.16366,0.13913,0.12645,0.11538,0.08906,0,0,0,0,0,0,0,0,0,0,0,0,0,0,0,0,0,0,0,0,0,0,0,0,0,0,0,0,0,0,0,0,0,0,0,0,0,0,0,0,0,0,0,0,0,0,0,0,0,0,0,0,0,0,0,0,0,0,0,0,0,0,0,0
0.021356,-0.019515,0.096792,0.01042,-0.028869,0.18147,0.08724,0.051114,0.35171,0.33758,0.11138,0.25633,0.42002,0.49472,0.4243,0.33432,0,0,0,0,0,0,0,0,0,0,0,0,0,0,0,0,0,0,0,0,0,0,0,0,0,0,0,0,0,0,0,0,0,0,0,0,0,0,0,0,0,0,0,0,0,0,0,0,0,0,0,0,0,0,0,0,0,0,0,0,0,0,0,0
0.1443,0.1397,0.29666,0.22724,0.21751,0.27308,0.51859,0.13854,0.33758,0.82102,0.89101,0.84492,0.46832,0.7959,0.94302,0.8079,0,0,0,0,0,0,0,0,0,0,0,0,0,0,0,0,0,0,0,0,0,0,0,0,0,0,0,0,0,0,0,0,0,0,0,0,0,0,0,0,0,0,0,0,0,0,0,0,0,0,0,0,0,0,0,0,0,0,0,0,0,0,0,0
0.17935,0.228,0.33396,0.34624,0.34701,0.20244,0.88657,0.14728,0.11138,0.89101,1.447,1.0338,0.070972,0.68766,1.1463,1.0127,0,0,0,0,0,0,0,0,0,0,0,0,0,0,0,0,0,0,0,0,0,0,0,0,0,0,0,0,0,0,0,0,0,0,0,0,0,0,0,0,0,0,0,0,0,0,0,0,0,0,0,0,0,0,0,0,0,0,0,0,0,0,0,0
0.13914,0.14457,0.29739,0.24011,0.26275,0.22444,0.57425,0.16366,0.25633,0.84492,1.0338,1.0527,0.56112,0.6996,0.87364,0.81371,0,0,0,0,0,0,0,0,0,0,0,0,0,0,0,0,0,0,0,0,0,0,0,0,0,0,0,0,0,0,0,0,0,0,0,0,0,0,0,0,0,0,0,0,0,0,0,0,0,0,0,0,0,0,0,0,0,0,0,0,0,0,0,0
-0.036029,-0.10742,0.069657,-0.05365,-0.010644,0.1938,-0.038226,0.13913,0.42002,0.46832,0.070972,0.56112,1.0027,0.57747,0.30727,0.26995,0,0,0,0,0,0,0,0,0,0,0,0,0,0,0,0,0,0,0,0,0,0,0,0,0,0,0,0,0,0,0,0,0,0,0,0,0,0,0,0,0,0,0,0,0,0,0,0,0,0,0,0,0,0,0,0,0,0,0,0,0,0,0,0
0.044894,0.0088804,0.12262,0.070771,0.029978,0.2186,0.34465,0.12645,0.49472,0.7959,0.68766,0.6996,0.57747,1.4068,1.521,1.2492,0,0,0,0,0,0,0,0,0,0,0,0,0,0,0,0,0,0,0,0,0,0,0,0,0,0,0,0,0,0,0,0,0,0,0,0,0,0,0,0,0,0,0,0,0,0,0,0,0,0,0,0,0,0,0,0,0,0,0,0,0,0,0,0
0.061178,0.043473,0.17345,0.16274,0.10403,0.23177,0.69227,0.11538,0.4243,0.94302,1.1463,0.87364,0.30727,1.521,2.0595,1.7321,0,0,0,0,0,0,0,0,0,0,0,0,0,0,0,0,0,0,0,0,0,0,0,0,0,0,0,0,0,0,0,0,0,0,0,0,0,0,0,0,0,0,0,0,0,0,0,0,0,0,0,0,0,0,0,0,0,0,0,0,0,0,0,0
0.05804,0.059895,0.14615,0.16054,0.099354,0.17263,0.59327,0.08906,0.33432,0.8079,1.0127,0.81371,0.26995,1.2492,1.7321,1.5438,0,0,0,0,0,0,0,0,0,0,0,0,0,0,0,0,0,0,0,0,0,0,0,0,0,0,0,0,0,0,0,0,0,0,0,0,0,0,0,0,0,0,0,0,0,0,0,0,0,0,0,0,0,0,0,0,0,0,0,0,0,0,0,0
0,0,0,0,0,0,0,0,0,0,0,0,0,0,0,0,13.197,9.9838,11.259,11.246,7.8938,7.4597,9.3626,3.4696,5.0549,6.7302,6.7724,5.0188,1.3991,3.5314,3.0562,2.3767,0,0,0,0,0,0,0,0,0,0,0,0,0,0,0,0,0,0,0,0,0,0,0,0,0,0,0,0,0,0,0,0,0,0,0,0,0,0,0,0,0,0,0,0,0,0,0,0
0,0,0,0,0,0,0,0,0,0,0,0,0,0,0,0,9.9838,13.22,9.3442,10.709,8.7411,5.777,8.8478,4.119,3.6428,5.5177,6.1242,4.9948,1.3758,2.4305,2.2722,1.9887,0,0,0,0,0,0,0,0,0,0,0,0,0,0,0,0,0,0,0,0,0,0,0,0,0,0,0,0,0,0,0,0,0,0,0,0,0,0,0,0,0,0,0,0,0,0,0,0
0,0,0,0,0,0,0,0,0,0,0,0,0,0,0,0,11.259,9.3442,17.54,11.968,8.4956,9.6636,12.085,3.9287,6.8979,9.3565,9.2558,6.7884,2.3156,5.071,4.5352,3.6684,0,0,0,0,0,0,0,0,0,0,0,0,0,0,0,0,0,0,0,0,0,0,0,0,0,0,0,0,0,0,0,0,0,0,0,0,0,0,0,0,0,0,0,0,0,0,0,0
0,0,0,0,0,0,0,0,0,0,0,0,0,0,0,0,11.246,10.709,11.968,14.17,10.267,7.5995,12.695,4.7922,5.253,8.1347,8.9852,7.0162,2.2973,3.832,3.5211,2.9686,0,0,0,0,0,0,0,0,0,0,0,0,0,0,0,0,0,0,0,0,0,0,0,0,0,0,0,0,0,0,0,0,0,0,0,0,0,0,0,0,0,0,0,0,0,0,0,0
0,0,0,0,0,0,0,0,0,0,0,0,0,0,0,0,7.8938,8.7411,8.4956,10.267,11.402,5.3478,10.247,5.287,3.5141,6.1318,7.2488,6.321,2.2312,2.5113,2.4532,2.2052,0,0,0,0,0,0,0,0,0,0,0,0,0,0,0,0,0,0,0,0,0,0,0,0,0,0,0,0,0,0,0,0,0,0,0,0,0,0,0,0,0,0,0,0,0,0,0,0
0,0,0,0,0,0,0,0,0,0,0,0,0,0,0,0,7.4597,5.777,9.6636,7.5995,5.3478,10.38,9.2801,3.3294,8.2704,9.5513,8.4074,5.9765,2.7811,6.5785,5.6674,4.5834,0,0,0,0,0,0,0,0,0,0,0,0,0,0,0,0,0,0,0,0,0,0,0,0,0,0,0,0,0,0,0,0,0,0,0,0,0,0,0,0,0,0,0,0,0,0,0,0
0,0,0,0,0,0,0,0,0,0,0,0,0,0,0,0,9.3626,8.8478,12.085,12.695,10.247,9.2801,22.37,6.7135,8.3729,14.442,18.013,14.11,5.5359,7.9195,7.9647,7.6118,0,0,0,0,0,0,0,0,0,0,0,0,0,0,0,0,0,0,0,0,0,0,0,0,0,0,0,0,0,0,0,0,0,0,0,0,0,0,0,0,0,0,0,0,0,0,0,0
0,0,0,0,0,0,0,0,0,0,0,0,0,0,0,0,3.4696,4.119,3.9287,4.7922,5.287,3.3294,6.7135,6.8566,3.1922,5.1243,6.2695,6.5015,4.0969,3.1588,3.2758,3.4245,0,0,0,0,0,0,0,0,0,0,0,0,0,0,0,0,0,0,0,0,0,0,0,0,0,0,0,0,0,0,0,0,0,0,0,0,0,0,0,0,0,0,0,0,0,0,0,0
0,0,0,0,0,0,0,0,0,0,0,0,0,0,0,0,5.0549,3.6428,6.8979,5.253,3.5141,8.2704,8.3729,3.1922,11.817,11.916,10.135,7.7625,5.3337,11.217,9.5308,7.7927,0,0,0,0,0,0,0,0,0,0,0,0,0,0,0,0,0,0,0,0,0,0,0,0,0,0,0,0,0,0,0,0,0,0,0,0,0,0,0,0,0,0,0,0,0,0,0,0
0,0,0,0,0,0,0,0,0,0,0,0,0,0,0,0,6.7302,5.5177,9.3565,8.1347,6.1318,9.5513,14.442,5.1243,11.916,16.948,16.986,13.031,7.0207,12.791,11.8,10.29,0,0,0,0,0,0,0,0,0,0,0,0,0,0,0,0,0,0,0,0,0,0,0,0,0,0,0,0,0,0,0,0,0,0,0,0,0,0,0,0,0,0,0,0,0,0,0,0
0,0,0,0,0,0,0,0,0,0,0,0,0,0,0,0,6.7724,6.1242,9.2558,8.9852,7.2488,8.4074,18.013,6.2695,10.135,16.986,22.467,17.638,8.0828,11.927,12.556,12.09,0,0,0,0,0,0,0,0,0,0,0,0,0,0,0,0,0,0,0,0,0,0,0,0,0,0,0,0,0,0,0,0,0,0,0,0,0,0,0,0,0,0,0,0,0,0,0,0
0,0,0,0,0,0,0,0,0,0,0,0,0,0,0,0,5.0188,4.9948,6.7884,7.0162,6.321,5.9765,14.11,6.5015,7.7625,13.031,17.638,17.425,9.826,9.6397,10.567,11.236,0,0,0,0,0,0,0,0,0,0,0,0,0,0,0,0,0,0,0,0,0,0,0,0,0,0,0,0,0,0,0,0,0,0,0,0,0,0,0,0,0,0,0,0,0,0,0,0
0,0,0,0,0,0,0,0,0,0,0,0,0,0,0,0,1.3991,1.3758,2.3156,2.2973,2.2312,2.7811,5.5359,4.0969,5.3337,7.0207,8.0828,9.826,10.316,7.4052,7.5666,8.5018,0,0,0,0,0,0,0,0,0,0,0,0,0,0,0,0,0,0,0,0,0,0,0,0,0,0,0,0,0,0,0,0,0,0,0,0,0,0,0,0,0,0,0,0,0,0,0,0
0,0,0,0,0,0,0,0,0,0,0,0,0,0,0,0,3.5314,2.4305,5.071,3.832,2.5113,6.5785,7.9195,3.1588,11.217,12.791,11.927,9.6397,7.4052,15.89,14.27,11.97,0,0,0,0,0,0,0,0,0,0,0,0,0,0,0,0,0,0,0,0,0,0,0,0,0,0,0,0,0,0,0,0,0,0,0,0,0,0,0,0,0,0,0,0,0,0,0,0
0,0,0,0,0,0,0,0,0,0,0,0,0,0,0,0,3.0562,2.2722,4.5352,3.5211,2.4532,5.6674,7.9647,3.2758,9.5308,11.8,12.556,10.567,7.5666,14.27,15.273,13.472,0,0,0,0,0,0,0,0,0,0,0,0,0,0,0,0,0,0,0,0,0,0,0,0,0,0,0,0,0,0,0,0,0,0,0,0,0,0,0,0,0,0,0,0,0,0,0,0
0,0,0,0,0,0,0,0,0,0,0,0,0,0,0,0,2.3767,1.9887,3.6684,2.9686,2.2052,4.5834,7.6118,3.4245,7.7927,10.29,12.09,11.236,8.5018,11.97,13.472,14.529,0,0,0,0,0,0,0,0,0,0,0,0,0,0,0,0,0,0,0,0,0,0,0,0,0,0,0,0,0,0,0,0,0,0,0,0,0,0,0,0,0,0,0,0,0,0,0,0
0,0,0,0,0,0,0,0,0,0,0,0,0,0,0,0,0,0,0,0,0,0,0,0,0,0,0,0,0,0,0,0,14.061,11.723,11.724,13.168,9.2348,3.4074,7.4958,2.7399,1.6212,4.1881,3.7573,2.1553,-0.84552,0.78386,0.28287,-0.33503,0,0,0,0,0,0,0,0,0,0,0,0,0,0,0,0,0,0,0,0,0,0,0,0,0,0,0,0,0,0,0,0
0,0,0,0,0,0,0,0,0,0,0,0,0,0,0,0,0,0,0,0,0,0,0,0,0,0,0,0,0,0,0,0,11.723,12.998,10.13,12.649,10.04,2.4999,7.2283,3.1046,0.95767,3.5068,3.662,2.4116,-0.69333,0.12285,0.0032687,-0.45763,0,0,0,0,0,0,0,0,0,0,0,0,0,0,0,0,0,0,0,0,0,0,0,0,0,0,0,0,0,0,0,0
0,0,0,0,0,0,0,0,0,0,0,0,0,0,0,0,0,0,0,0,0,0,0,0,0,0,0,0,0,0,0,0,11.724,10.13,16.327,13.237,9.5943,6.9159,11.233,3.2089,5.0174,8.2597,8.2211,5.7291,1.0317,2.7765,2.3336,1.6718,0,0,0,0,0,0,0,0,0,0,0,0,0,0,0,0,0,0,0,0,0,0,0,0,0,0,0,0,0,0,0,0
0,0,0,0,0,0,0,0,0,0,0,0,0,0,0,0,0,0,0,0,0,0,0,0,0,0,0,0,0,0,0,0,13.168,12.649,13.237,17.062,11.524,5.0136,11.992,3.9692,3.0582,6.8037,7.1169,5.3866,0.65,1.9906,1.6456,1.279,0,0,0,0,0,0,0,0,0,0,0,0,0,0,0,0,0,0,0,0,0,0,0,0,0,0,0,0,0,0,0,0
0,0,0,0,0,0,0,0,0,0,0,0,0,0,0,0,0,0,0,0,0,0,0,0,0,0,0,0,0,0,0,0,9.2348,10.04,9.5943,11.524,11.923,2.9413,8.99,4.5856,1.562,4.9446,5.4407,4.5479,0.70143,0.91178,0.63824,0.40641,0,0,0,0,0,0,0,0,0,0,0,0,0,0,0,0,0,0,0,0,0,0,0,0,0,0,0,0,0,0,0,0
0,0,0,0,0,0,0,0,0,0,0,0,0,0,0,0,0,0,0,0,0,0,0,0,0,0,0,0,0,0,0,0,3.4074,2.4999,6.9159,5.0136,2.9413,10.835,8.2578,1.7931,9.6647,10.359,9.364,6.9602,3.6699,6.8428,5.8421,4.972,0,0,0,0,0,0,0,0,0,0,0,0,0,0,0,0,0,0,0,0,0,0,0,0,0,0,0,0,0,0,0,0
0,0,0,0,0,0,0,0,0,0,0,0,0,0,0,0,0,0,0,0,0,0,0,0,0,0,0,0,0,0,0,0,7.4958,7.2283,11.233,11.992,8.99,8.2578,19.501,5.2594,7.5859,14.374,16.761,13.346,5.2221,6.5887,5.795,5.5048,0,0,0,0,0,0,0,0,0,0,0,0,0,0,0,0,0,0,0,0,0,0,0,0,0,0,0,0,0,0,0,0
0,0,0,0,0,0,0,0,0,0,0,0,0,0,0,0,0,0,0,0,0,0,0,0,0,0,0,0,0,0,0,0,2.7399,3.1046,3.2089,3.9692,4.5856,1.7931,5.2594,6.9224,1.4275,3.9438,4.4665,4.8563,2.538,1.7124,1.1859,1.3448,0,0,0,0,0,0,0,0,0,0,0,0,0,0,0,0,0,0,0,0,0,0,0,0,0,0,0,0,0,0,0,0
0,0,0,0,0,0,0,0,0,0,0,0,0,0,0,0,0,0,0,0,0,0,0,0,0,0,0,0,0,0,0,0,1.6212,0.95767,5.0174,3.0582,1.562,9.6647,7.5859,1.4275,11.365,11.21,10.563,8.1213,5.0975,9.0817,7.6561,6.6414,0,0,0,0,0,0,0,0,0,0,0,0,0,0,0,0,0,0,0,0,0,0,0,0,0,0,0,0,0,0,0,0
0,0,0,0,0,0,0,0,0,0,0,0,0,0,0,0,0,0,0,0,0,0,0,0,0,0,0,0,0,0,0,0,4.1881,3.5068,8.2597,6.8037,4.9446,10.359,14.374,3.9438,11.21,17.186,17.573,13.449,6.6846,10.159,8.3434,7.385,0,0,0,0,0,0,0,0,0,0,0,0,0,0,0,0,0,0,0,0,0,0,0,0,0,0,0,0,0,0,0,0
0,0,0,0,0,0,0,0,0,0,0,0,0,0,0,0,0,0,0,0,0,0,0,0,0,0,0,0,0,0,0,0,3.7573,3.662,8.2211,7.1169,5.4407,9.364,16.761,4.4665,10.563,17.573,21.818,17.083,8.1602,10.041,9.2118,8.7718,0,0,0,0,0,0,0,0,0,0,0,0,0,0,0,0,0,0,0,0,0,0,0,0,0,0,0,0,0,0,0,0
0,0,0,0,0,0,0,0,0,0,0,0,0,0,0,0,0,0,0,0,0,0,0,0,0,0,0,0,0,0,0,0,2.1553,2.4116,5.7291,5.3866,4.5479,6.9602,13.346,4.8563,8.1213,13.449,17.083,16.099,8.5903,8.0903,7.6433,8.0943,0,0,0,0,0,0,0,0,0,0,0,0,0,0,0,0,0,0,0,0,0,0,0,0,0,0,0,0,0,0,0,0
0,0,0,0,0,0,0,0,0,0,0,0,0,0,0,0,0,0,0,0,0,0,0,0,0,0,0,0,0,0,0,0,-0.84552,-0.69333,1.0317,0.65,0.70143,3.6699,5.2221,2.538,5.0975,6.6846,8.1602,8.5903,7.2182,5.5637,5.3628,6.0758,0,0,0,0,0,0,0,0,0,0,0,0,0,0,0,0,0,0,0,0,0,0,0,0,0,0,0,0,0,0,0,0
0,0,0,0,0,0,0,0,0,0,0,0,0,0,0,0,0,0,0,0,0,0,0,0,0,0,0,0,0,0,0,0,0.78386,0.12285,2.7765,1.9906,0.91178,6.8428,6.5887,1.7124,9.0817,10.159,10.041,8.0903,5.5637,15.173,9.3734,7.686,0,0,0,0,0,0,0,0,0,0,0,0,0,0,0,0,0,0,0,0,0,0,0,0,0,0,0,0,0,0,0,0
0,0,0,0,0,0,0,0,0,0,0,0,0,0,0,0,0,0,0,0,0,0,0,0,0,0,0,0,0,0,0,0,0.28287,0.0032687,2.3336,1.6456,0.63824,5.8421,5.795,1.1859,7.6561,8.3434,9.2118,7.6433,5.3628,9.3734,8.7581,7.5741,0,0,0,0,0,0,0,0,0,0,0,0,0,0,0,0,0,0,0,0,0,0,0,0,0,0,0,0,0,0,0,0
0,0,0,0,0,0,0,0,0,0,0,0,0,0,0,0,0,0,0,0,0,0,0,0,0,0,0,0,0,0,0,0,-0.33503,-0.45763,1.6718,1.279,0.40641,4.972,5.5048,1.3448,6.6414,7.385,8.7718,8.0943,6.0758,7.686,7.5741,8.1934,0,0,0,0,0,0,0,0,0,0,0,0,0,0,0,0,0,0,0,0,0,0,0,0,0,0,0,0,0,0,0,0
0,0,0,0,0,0,0,0,0,0,0,0,0,0,0,0,0,0,0,0,0,0,0,0,0,0,0,0,0,0,0,0,0,0,0,0,0,0,0,0,0,0,0,0,0,0,0,0,26.966,22.73,24.375,25.548,20.327,9.4224,18.313,6.413,5.9035,12.555,12.542,8.9637,-0.29666,3.631,2.9602,1.7963,0,0,0,0,0,0,0,0,0,0,0,0,0,0,0,0
0,0,0,0,0,0,0,0,0,0,0,0,0,0,0,0,0,0,0,0,0,0,0,0,0,0,0,0,0,0,0,0,0,0,0,0,0,0,0,0,0,0,0,0,0,0,0,0,22.73,24.387,20.341,24.413,21.629,6.4862,17.225,7.9317,3.612,10.355,11.18,8.2675,-0.62222,2.2206,1.8119,0.92466,0,0,0,0,0,0,0,0,0,0,0,0,0,0,0,0
0,0,0,0,0,0,0,0,0,0,0,0,0,0,0,0,0,0,0,0,0,0,0,0,0,0,0,0,0,0,0,0,0,0,0,0,0,0,0,0,0,0,0,0,0,0,0,0,24.375,20.341,31.301,26.708,21.045,14.757,23.056,7.0575,10.545,17.738,17.088,12.689,2.0782,5.6394,4.8137,3.4359,0,0,0,0,0,0,0,0,0,0,0,0,0,0,0,0
0,0,0,0,0,0,0,0,0,0,0,0,0,0,0,0,0,0,0,0,0,0,0,0,0,0,0,0,0,0,0,0,0,0,0,0,0,0,0,0,0,0,0,0,0,0,0,0,25.548,24.413,26.708,30.57,25.538,10.327,24.099,9.1364,6.864,15.674,16.05,12.494,1.1717,4.2817,3.6146,2.5709,0,0,0,0,0,0,0,0,0,0,0,0,0,0,0,0
0,0,0,0,0,0,0,0,0,0,0,0,0,0,0,0,0,0,0,0,0,0,0,0,0,0,0,0,0,0,0,0,0,0,0,0,0,0,0,0,0,0,0,0,0,0,0,0,20.327,21.629,21.045,25.538,26.829,7.3861,21.606,11.807,4.7644,13.159,14.669,12.065,1.481,2.8338,2.5114,1.8043,0,0,0,0,0,0,0,0,0,0,0,0,0,0,0,0
0,0,0,0,0,0,0,0,0,0,0,0,0,0,0,0,0,0,0,0,0,0,0,0,0,0,0,0,0,0,0,0,0,0,0,0,0,0,0,0,0,0,0,0,0,0,0,0,9.4224,6.4862,14.757,10.327,7.3861,20.868,14.108,3.3455,20.828,20.347,15.365,12.47,8.1075,11.711,9.7514,8.8181,0,0,0,0,0,0,0,0,0,0,0,0,0,0,0,0
0,0,0,0,0,0,0,0,0,0,0,0,0,0,0,0,0,0,0,0,0,0,0,0,0,0,0,0,0,0,0,0,0,0,0,0,0,0,0,0,0,0,0,0,0,0,0,0,18.313,17.225,23.056,24.099,21.606,14.108,34.882,10.622,12.374,25.801,28.318,22.646,6.4037,8.7613,8.3345,7.6,0,0,0,0,0,0,0,0,0,0,0,0,0,0,0,0
0,0,0,0,0,0,0,0,0,0,0,0,0,0,0,0,0,0,0,0,0,0,0,0,0,0,0,0,0,0,0,0,0,0,0,0,0,0,0,0,0,0,0,0,0,0,0,0,6.413,7.9317,7.0575,9.1364,11.807,3.3455,10.622,31.558,2.2146,6.6825,7.708,8.7613,2.7617,0.98208,0.80032,1.2606,0,0,0,0,0,0,0,0,0,0,0,0,0,0,0,0
0,0,0,0,0,0,0,0,0,0,0,0,0,0,0,0,0,0,0,0,0,0,0,0,0,0,0,0,0,0,0,0,0,0,0,0,0,0,0,0,0,0,0,0,0,0,0,0,5.9035,3.612,10.545,6.864,4.7644,20.828,12.374,2.2146,26.054,22.617,16.425,14.323,12.004,15.341,13.142,12.599,0,0,0,0,0,0,0,0,0,0,0,0,0,0,0,0
0,0,0,0,0,0,0,0,0,0,0,0,0,0,0,0,0,0,0,0,0,0,0,0,0,0,0,0,0,0,0,0,0,0,0,0,0,0,0,0,0,0,0,0,0,0,0,0,12.555,10.355,17.738,15.674,13.159,20.347,25.801,6.6825,22.617,31.559,28.292,22.363,10.682,14.713,13.257,12.375,0,0,0,0,0,0,0,0,0,0,0,0,0,0,0,0
0,0,0,0,0,0,0,0,0,0,0,0,0,0,0,0,0,0,0,0,0,0,0,0,0,0,0,0,0,0,0,0,0,0,0,0,0,0,0,0,0,0,0,0,0,0,0,0,12.542,11.18,17.088,16.05,14.669,15.365,28.318,7.708,16.425,28.292,31.705,24.977,10.016,12.493,12.637,11.99,0,0,0,0,0,0,0,0,0,0,0,0,0,0,0,0
0,0,0,0,0,0,0,0,0,0,0,0,0,0,0,0,0,0,0,0,0,0,0,0,0,0,0,0,0,0,0,0,0,0,0,0,0,0,0,0,0,0,0,0,0,0,0,0,8.9637,8.2675,12.689,12.494,12.065,12.47,22.646,8.7613,14.323,22.363,24.977,24.79,13.039,10.368,11.108,12.279,0,0,0,0,0,0,0,0,0,0,0,0,0,0,0,0
0,0,0,0,0,0,0,0,0,0,0,0,0,0,0,0,0,0,0,0,0,0,0,0,0,0,0,0,0,0,0,0,0,0,0,0,0,0,0,0,0,0,0,0,0,0,0,0,-0.29666,-0.62222,2.0782,1.1717,1.481,8.1075,6.4037,2.7617,12.004,10.682,10.016,13.039,15.508,8.3978,9.2177,11.448,0,0,0,0,0,0,0,0,0,0,0,0,0,0,0,0
0,0,0,0,0,0,0,0,0,0,0,0,0,0,0,0,0,0,0,0,0,0,0,0,0,0,0,0,0,0,0,0,0,0,0,0,0,0,0,0,0,0,0,0,0,0,0,0,3.631,2.2206,5.6394,4.2817,2.8338,11.711,8.7613,0.98208,15.341,14.713,12.493,10.368,8.3978,14.18,12.253,11.235,0,0,0,0,0,0,0,0,0,0,0,0,0,0,0,0
0,0,0,0,0,0,0,0,0,0,0,0,0,0,0,0,0,0,0,0,0,0,0,0,0,0,0,0,0,0,0,0,0,0,0,0,0,0,0,0,0,0,0,0,0,0,0,0,2.9602,1.8119,4.8137,3.6146,2.5114,9.7514,8.3345,0.80032,13.142,13.257,12.637,11.108,9.2177,12.253,14.028,13.5,0,0,0,0,0,0,0,0,0,0,0,0,0,0,0,0
0,0,0,0,0,0,0,0,0,0,0,0,0,0,0,0,0,0,0,0,0,0,0,0,0,0,0,0,0,0,0,0,0,0,0,0,0,0,0,0,0,0,0,0,0,0,0,0,1.7963,0.92466,3.4359,2.5709,1.8043,8.8181,7.6,1.2606,12.599,12.375,11.99,12.279,11.448,11.235,13.5,15.55,0,0,0,0,0,0,0,0,0,0,0,0,0,0,0,0
0,0,0,0,0,0,0,0,0,0,0,0,0,0,0,0,0,0,0,0,0,0,0,0,0,0,0,0,0,0,0,0,0,0,0,0,0,0,0,0,0,0,0,0,0,0,0,0,0,0,0,0,0,0,0,0,0,0,0,0,0,0,0,0,17.183,14.132,14.831,15.85,12.457,8.76,13.678,5.6619,6.6012,9.9083,9.9132,6.2417,0.9187,4.2197,3.7146,2.6658
0,0,0,0,0,0,0,0,0,0,0,0,0,0,0,0,0,0,0,0,0,0,0,0,0,0,0,0,0,0,0,0,0,0,0,0,0,0,0,0,0,0,0,0,0,0,0,0,0,0,0,0,0,0,0,0,0,0,0,0,0,0,0,0,14.132,14.681,12.839,14.918,12.825,7.0416,12.683,5.8739,5.2331,8.5049,8.9852,5.9679,0.88661,3.275,2.9991,2.1349
0,0,0,0,0,0,0,0,0,0,0,0,0,0,0,0,0,0,0,0,0,0,0,0,0,0,0,0,0,0,0,0,0,0,0,0,0,0,0,0,0,0,0,0,0,0,0,0,0,0,0,0,0,0,0,0,0,0,0,0,0,0,0,0,14.831,12.839,18.496,15.75,12.821,11.619,16.478,5.7973,9.7816,13.377,13.184,8.6679,2.6319,6.3541,5.9008,4.3528
0,0,0,0,0,0,0,0,0,0,0,0,0,0,0,0,0,0,0,0,0,0,0,0,0,0,0,0,0,0,0,0,0,0,0,0,0,0,0,0,0,0,0,0,0,0,0,0,0,0,0,0,0,0,0,0,0,0,0,0,0,0,0,0,15.85,14.918,15.75,18.793,15.22,9.8802,17.461,7.6074,8.095,12.677,13.055,9.4317,3.3256,5.6931,5.1022,4.2651
0,0,0,0,0,0,0,0,0,0,0,0,0,0,0,0,0,0,0,0,0,0,0,0,0,0,0,0,0,0,0,0,0,0,0,0,0,0,0,0,0,0,0,0,0,0,0,0,0,0,0,0,0,0,0,0,0,0,0,0,0,0,0,0,12.457,12.825,12.821,15.22,16.247,8.1518,15.864,8.4626,7.0041,11.26,12.217,10.032,4.6144,4.879,4.6465,4.1252
0,0,0,0,0,0,0,0,0,0,0,0,0,0,0,0,0,0,0,0,0,0,0,0,0,0,0,0,0,0,0,0,0,0,0,0,0,0,0,0,0,0,0,0,0,0,0,0,0,0,0,0,0,0,0,0,0,0,0,0,0,0,0,0,8.76,7.0416,11.619,9.8802,8.1518,16.749,13.677,5.717,17.155,16.716,14.273,10.908,7.7737,12.506,10.497,8.9248
0,0,0,0,0,0,0,0,0,0,0,0,0,0,0,0,0,0,0,0,0,0,0,0,0,0,0,0,0,0,0,0,0,0,0,0,0,0,0,0,0,0,0,0,0,0,0,0,0,0,0,0,0,0,0,0,0,0,0,0,0,0,0,0,13.678,12.683,16.478,17.461,15.864,13.677,27.303,10.18,13.367,21.748,24.726,20.017,10.574,11.264,11.199,10.49
0,0,0,0,0,0,0,0,0,0,0,0,0,0,0,0,0,0,0,0,0,0,0,0,0,0,0,0,0,0,0,0,0,0,0,0,0,0,0,0,0,0,0,0,0,0,0,0,0,0,0,0,0,0,0,0,0,0,0,0,0,0,0,0,5.6619,5.8739,5.7973,7.6074,8.4626,5.717,10.18,11.889,5.4659,8.354,9.6549,10.559,8.0774,4.9249,4.9102,5.6559
0,0,0,0,0,0,0,0,0,0,0,0,0,0,0,0,0,0,0,0,0,0,0,0,0,0,0,0,0,0,0,0,0,0,0,0,0,0,0,0,0,0,0,0,0,0,0,0,0,0,0,0,0,0,0,0,0,0,0,0,0,0,0,0,6.6012,5.2331,9.7816,8.095,7.0041,17.155,13.367,5.4659,21.804,19.15,16.182,13.588,12.349,17.205,14.348,12.871
0,0,0,0,0,0,0,0,0,0,0,0,0,0,0,0,0,0,0,0,0,0,0,0,0,0,0,0,0,0,0,0,0,0,0,0,0,0,0,0,0,0,0,0,0,0,0,0,0,0,0,0,0,0,0,0,0,0,0,0,0,0,0,0,9.9083,8.5049,13.377,12.677,11.26,16.716,21.748,8.354,19.15,25.104,25.059,20.597,14.381,16.937,15.69,14.714
0,0,0,0,0,0,0,0,0,0,0,0,0,0,0,0,0,0,0,0,0,0,0,0,0,0,0,0,0,0,0,0,0,0,0,0,0,0,0,0,0,0,0,0,0,0,0,0,0,0,0,0,0,0,0,0,0,0,0,0,0,0,0,0,9.9132,8.9852,13.184,13.055,12.217,14.273,24.726,9.6549,16.182,25.059,30.991,25.77,16.527,16.25,16.712,16.523
0,0,0,0,0,0,0,0,0,0,0,0,0,0,0,0,0,0,0,0,0,0,0,0,0,0,0,0,0,0,0,0,0,0,0,0,0,0,0,0,0,0,0,0,0,0,0,0,0,0,0,0,0,0,0,0,0,0,0,0,0,0,0,0,6.2417,5.9679,8.6679,9.4317,10.032,10.908,20.017,10.559,13.588,20.597,25.77,28.286,22.02,15.27,16.272,18.323
0,0,0,0,0,0,0,0,0,0,0,0,0,0,0,0,0,0,0,0,0,0,0,0,0,0,0,0,0,0,0,0,0,0,0,0,0,0,0,0,0,0,0,0,0,0,0,0,0,0,0,0,0,0,0,0,0,0,0,0,0,0,0,0,0.9187,0.88661,2.6319,3.3256,4.6144,7.7737,10.574,8.0774,12.349,14.381,16.527,22.02,26.958,15.042,15.611,19.282
0,0,0,0,0,0,0,0,0,0,0,0,0,0,0,0,0,0,0,0,0,0,0,0,0,0,0,0,0,0,0,0,0,0,0,0,0,0,0,0,0,0,0,0,0,0,0,0,0,0,0,0,0,0,0,0,0,0,0,0,0,0,0,0,4.2197,3.275,6.3541,5.6931,4.879,12.506,11.264,4.9249,17.205,16.937,16.25,15.27,15.042,20.21,18.193,17.073
0,0,0,0,0,0,0,0,0,0,0,0,0,0,0,0,0,0,0,0,0,0,0,0,0,0,0,0,0,0,0,0,0,0,0,0,0,0,0,0,0,0,0,0,0,0,0,0,0,0,0,0,0,0,0,0,0,0,0,0,0,0,0,0,3.7146,2.9991,5.9008,5.1022,4.6465,10.497,11.199,4.9102,14.348,15.69,16.712,16.272,15.611,18.193,18.513,17.801
0,0,0,0,0,0,0,0,0,0,0,0,0,0,0,0,0,0,0,0,0,0,0,0,0,0,0,0,0,0,0,0,0,0,0,0,0,0,0,0,0,0,0,0,0,0,0,0,0,0,0,0,0,0,0,0,0,0,0,0,0,0,0,0,2.6658,2.1349,4.3528,4.2651,4.1252,8.9248,10.49,5.6559,12.871,14.714,16.523,18.323,19.282,17.073,17.801,19.828
