0.31318,0.29642,0.25371,0.27845,0.20686,0.10872,0.17661,0.030685,0.021356,0.1443,0.17935,0.13914,-0.036029,0.044894,0.061178,0.05804,0,0,0,0,0,0,0,0,0,0,0,0,0,0,0,0
0.29642,0.38797,0.25898,0.3078,0.25105,0.1041,0.20514,0.036077,-0.019515,0.1397,0.228,0.14457,-0.10742,0.0088804,0.043473,0.059895,0,0,0,0,0,0,0,0,0,0,0,0,0,0,0,0
0.25371,0.25898,0.36724,0.28949,0.22839,0.1704,0.25874,0.063623,0.096792,0.29666,0.33396,0.29739,0.069657,0.12262,0.17345,0.14615,0,0,0,0,0,0,0,0,0,0,0,0,0,0,0,0
0.27845,0.3078,0.28949,0.35005,0.28124,0.12261,0.28803,0.059881,0.01042,0.22724,0.34624,0.24011,-0.05365,0.070771,0.16274,0.16054,0,0,0,0,0,0,0,0,0,0,0,0,0,0,0,0
0.20686,0.25105,0.22839,0.28124,0.30854,0.10387,0.262,0.081119,-0.028869,0.21751,0.34701,0.26275,-0.010644,0.029978,0.10403,0.099354,0,0,0,0,0,0,0,0,0,0,0,0,0,0,0,0
0.10872,0.1041,0.1704,0.12261,0.10387,0.20222,0.16842,0.059007,0.18147,0.27308,0.20244,0.22444,0.1938,0.2186,0.23177,0.17263,0,0,0,0,0,0,0,0,0,0,0,0,0,0,0,0
0.17661,0.20514,0.25874,0.28803,0.262,0.16842,0.72702,0.098483,0.08724,0.51859,0.88657,0.57425,-0.038226,0.34465,0.69227,0.59327,0,0,0,0,0,0,0,0,0,0,0,0,0,0,0,0
0.030685,0.036077,0.063623,0.059881,0.081119,0.059007,0.098483,0.11923,0.051114,0.13854,0.14728,0.16366,0.13913,0.12645,0.11538,0.08906,0,0,0,0,0,0,0,0,0,0,0,0,0,0,0,0
0.021356,-0.019515,0.096792,0.01042,-0.028869,0.18147,0.08724,0.051114,0.35171,0.33758,0.11138,0.25633,0.42002,0.49472,0.4243,0.33432,0,0,0,0,0,0,0,0,0,0,0,0,0,0,0,0
0.1443,0.1397,0.29666,0.22724,0.21751,0.27308,0.51859,0.13854,0.33758,0.82102,0.89101,0.84492,0.46832,0.7959,0.94302,0.8079,0,0,0,0,0,0,0,0,0,0,0,0,0,0,0,0
0.17935,0.228,0.33396,0.34624,0.34701,0.20244,0.88657,0.14728,0.11138,0.89101,1.447,1.0338,0.070972,0.68766,1.1463,1.0127,0,0,0,0,0,0,0,0,0,0,0,0,0,0,0,0
0.13914,0.14457,0.29739,0.24011,0.26275,0.22444,0.57425,0.16366,0.25633,0.84492,1.0338,1.0527,0.56112,0.6996,0.87364,0.81371,0,0,0,0,0,0,0,0,0,0,0,0,0,0,0,0
-0.036029,-0.10742,0.069657,-0.05365,-0.010644,0.1938,-0.038226,0.13913,0.42002,0.46832,0.070972,0.56112,1.0027,0.57747,0.30727,0.26995,0,0,0,0,0,0,0,0,0,0,0,0,0,0,0,0
0.044894,0.0088804,0.12262,0.070771,0.029978,0.2186,0.34465,0.12645,0.49472,0.7959,0.68766,0.6996,0.57747,1.4068,1.521,1.2492,0,0,0,0,0,0,0,0,0,0,0,0,0,0,0,0
0.061178,0.043473,0.17345,0.16274,0.10403,0.23177,0.69227,0.11538,0.4243,0.94302,1.1463,0.87364,0.30727,1.521,2.0595,1.7321,0,0,0,0,0,0,0,0,0,0,0,0,0,0,0,0
0.05804,0.059895,0.14615,0.16054,0.099354,0.17263,0.59327,0.08906,0.33432,0.8079,1.0127,0.81371,0.26995,1.2492,1.7321,1.5438,0,0,0,0,0,0,0,0,0,0,0,0,0,0,0,0
0,0,0,0,0,0,0,0,0,0,0,0,0,0,0,0,13.197,9.9838,11.259,11.246,7.8938,7.4597,9.3626,3.4696,5.0549,6.7302,6.7724,5.0188,1.3991,3.5314,3.0562,2.3767
0,0,0,0,0,0,0,0,0,0,0,0,0,0,0,0,9.9838,13.22,9.3442,10.709,8.7411,5.777,8.8478,4.119,3.6428,5.5177,6.1242,4.9948,1.3758,2.4305,2.2722,1.9887
0,0,0,0,0,0,0,0,0,0,0,0,0,0,0,0,11.259,9.3442,17.54,11.968,8.4956,9.6636,12.085,3.9287,6.8979,9.3565,9.2558,6.7884,2.3156,5.071,4.5352,3.6684
0,0,0,0,0,0,0,0,0,0,0,0,0,0,0,0,11.246,10.709,11.968,14.17,10.267,7.5995,12.695,4.7922,5.253,8.1347,8.9852,7.0162,2.2973,3.832,3.5211,2.9686
0,0,0,0,0,0,0,0,0,0,0,0,0,0,0,0,7.8938,8.7411,8.4956,10.267,11.402,5.3478,10.247,5.287,3.5141,6.1318,7.2488,6.321,2.2312,2.5113,2.4532,2.2052
0,0,0,0,0,0,0,0,0,0,0,0,0,0,0,0,7.4597,5.777,9.6636,7.5995,5.3478,10.38,9.2801,3.3294,8.2704,9.5513,8.4074,5.9765,2.7811,6.5785,5.6674,4.5834
0,0,0,0,0,0,0,0,0,0,0,0,0,0,0,0,9.3626,8.8478,12.085,12.695,10.247,9.2801,22.37,6.7135,8.3729,14.442,18.013,14.11,5.5359,7.9195,7.9647,7.6118
0,0,0,0,0,0,0,0,0,0,0,0,0,0,0,0,3.4696,4.119,3.9287,4.7922,5.287,3.3294,6.7135,6.8566,3.1922,5.1243,6.2695,6.5015,4.0969,3.1588,3.2758,3.4245
0,0,0,0,0,0,0,0,0,0,0,0,0,0,0,0,5.0549,3.6428,6.8979,5.253,3.5141,8.2704,8.3729,3.1922,11.817,11.916,10.135,7.7625,5.3337,11.217,9.5308,7.7927
0,0,0,0,0,0,0,0,0,0,0,0,0,0,0,0,6.7302,5.5177,9.3565,8.1347,6.1318,9.5513,14.442,5.1243,11.916,16.948,16.986,13.031,7.0207,12.791,11.8,10.29
0,0,0,0,0,0,0,0,0,0,0,0,0,0,0,0,6.7724,6.1242,9.2558,8.9852,7.2488,8.4074,18.013,6.2695,10.135,16.986,22.467,17.638,8.0828,11.927,12.556,12.09
0,0,0,0,0,0,0,0,0,0,0,0,0,0,0,0,5.0188,4.9948,6.7884,7.0162,6.321,5.9765,14.11,6.5015,7.7625,13.031,17.638,17.425,9.826,9.6397,10.567,11.236
0,0,0,0,0,0,0,0,0,0,0,0,0,0,0,0,1.3991,1.3758,2.3156,2.2973,2.2312,2.7811,5.5359,4.0969,5.3337,7.0207,8.0828,9.826,10.316,7.4052,7.5666,8.5018
0,0,0,0,0,0,0,0,0,0,0,0,0,0,0,0,3.5314,2.4305,5.071,3.832,2.5113,6.5785,7.9195,3.1588,11.217,12.791,11.927,9.6397,7.4052,15.89,14.27,11.97
0,0,0,0,0,0,0,0,0,0,0,0,0,0,0,0,3.0562,2.2722,4.5352,3.5211,2.4532,5.6674,7.9647,3.2758,9.5308,11.8,12.556,10.567,7.5666,14.27,15.273,13.472
0,0,0,0,0,0,0,0,0,0,0,0,0,0,0,0,2.3767,1.9887,3.6684,2.9686,2.2052,4.5834,7.6118,3.4245,7.7927,10.29,12.09,11.236,8.5018,11.97,13.472,14.529
