count: 2
C0
[[3.58053 -2.92138 -1.95362 3.02398 -2.96329 3.74637 2.13759 -1.41004 -4.20838 3.50122 -2.5321]
 [-2.92138 3.35948 -1.13673 -2.76857 3.05901 -3.9485 -1.36883 1.98833 3.85796 -3.05674 2.93691]
 [-1.95362 -1.13673 12.9909 -0.832358 -0.378947 0.342667 -3.3128 -2.45566 0.85134 -2.26957 -1.84897]
 [3.02398 -2.76857 -0.832358 4.85758 -1.97179 2.9518 1.93826 -1.32169 -3.81739 1.32079 -3.37974]
 [-2.96329 3.05901 -0.378947 -1.97179 4.72107 -4.17576 -1.27721 2.13827 3.51172 -3.94918 1.2864]
 [3.74637 -3.9485 0.342667 2.9518 -4.17576 6.81123 0.495317 -3.18219 -4.29878 4.50741 -3.2505]
 [2.13759 -1.36883 -3.3128 1.93826 -1.27721 0.495317 3.43518 0.839942 -3.43169 1.76624 -1.21916]
 [-1.41004 1.98833 -2.45566 -1.32169 2.13827 -3.18219 0.839942 2.8156 0.673388 -1.72308 1.63909]
 [-4.20838 3.85796 0.85134 -3.81739 3.51172 -4.29878 -3.43169 0.673388 8.01468 -4.3403 3.18607]
 [3.50122 -3.05674 -2.26957 1.32079 -3.94918 4.50741 1.76624 -1.72308 -4.3403 5.7439 -1.49908]
 [-2.5321 2.93691 -1.84897 -3.37974 1.2864 -3.2505 -1.21916 1.63909 3.18607 -1.49908 4.68225]]
C1
[[3.43125 -3.14744 -1.2316 3.25996 -2.70668 3.60726 2.26169 -1.19618 -4.51497 3.20381 -2.9641]
 [-3.14744 3.95737 -1.64806 -3.28638 2.99705 -4.09583 -1.81028 1.83995 4.58305 -3.10015 3.71008]
 [-1.2316 -1.64806 12.1868 -0.496055 -0.983924 0.763253 -2.37939 -2.31805 -0.456358 -1.46455 -1.9808]
 [3.25996 -3.28638 -0.496055 4.92285 -2.0065 3.47986 2.14621 -1.17232 -4.68219 1.78419 -3.94908]
 [-2.70668 2.99705 -0.983924 -2.0065 5.02622 -3.88563 -1.16326 2.36527 3.08271 -3.57207 0.846782]
 [3.60726 -4.09583 0.763253 3.47986 -3.88563 6.32689 0.878996 -2.82383 -4.65818 3.98772 -3.57861]
 [2.26169 -1.81028 -2.37939 2.14621 -1.16326 0.878996 3.31323 0.740529 -3.89727 1.8609 -1.94839]
 [-1.19618 1.83995 -2.31805 -1.17232 2.36527 -2.82383 0.740529 2.82311 0.263969 -1.58164 1.06152]
 [-4.51497 4.58305 -0.456358 -4.68219 3.08271 -4.65818 -3.89727 0.263969 9.83964 -4.15072 4.58948]
 [3.20381 -3.10015 -1.46455 1.78419 -3.57207 3.98772 1.8609 -1.58164 -4.15072 4.90616 -1.87016]
 [-2.9641 3.71008 -1.9808 -3.94908 0.846782 -3.57861 -1.94839 1.06152 4.58948 -1.87016 6.08367]]
